54386
49721
44205
26802
2070
45534
57158
49706
59522
36251
6985
26478
36277
62692
41432
51953
56478
64994
63292
10313
7036
18424
17911
31098
58339
23749
28343
3907
62734
6602
50508
11402
35630
43463
64756
19582
9310
56397
2703
27268
36681
4170
14619
39162
58237
4977
30515
62056
36159
14573
6873
56874
61278
60890
17975
18503
41704
28064
31828
47637
65350
9263
16962
51450
6863
17460
18475
34838
46519
7098
8307
11093
44035
34628
4506
54385
24815
20873
54410
14113
43898
25018
52234
59202
51793
58193
24157
25743
51730
25933
63124
24968
9569
41887
58304
2303
40787
57543
55108
48466
59421
34626
25926
45118
20103
7915
20773
57417
63443
25056
65415
17314
2252
37690
30556
54813
7890
55334
30168
43674
3105
44546
16106
13980
12425
9736
46748
41630
1203
3448
38853
45413
39667
55300
9373
42663
25296
1463
50547
46988
25960
56918
46087
57467
19784
1512
1616
16807
50736
29072
21769
18567
21814
13575
30760
16136
35173
6160
47409
19224
62814
48355
45007
20769
32025
48178
15344
33824
13490
40550
43237
5213
63417
11082
39420
25828
30872
38460
35306
24042
22308
34243
11886
57650
45321
36192
14413
33851
2041
8423
40903
37894
36276
19768
57129
65082
15881
6948
16971
9670
22682
45876
23243
25464
2040
27630
63585
8289
26607
27676
62006
7635
53616
34944
1227
51215
54825
21383
59213
60254
47231
53013
5632
383
21628
61487
11595
42375
21491
51817
52470
51361
31043
10758
1199
41140
43482
1945
9498
15715
57609
17230
21209
24049
7797
43177
28244
54803
54831
21019
19164
13911
5435
5714
64833
55608
63588
62456
25700
7746
54990
13276
20763
56073
35445
47518
44193
40071
4078
16406
12774
40172
41507
54506
13459
38972
59084
7890
13526
22420
29437
59280
48952
44490
13662
7764
10267
10919
21109
27953
55660
21069
61566
27823
8822
9992
57530
8144
13439
10883
9465
22779
22083
11054
63220
57805
29648
41169
15589
11475
21220
37671
39157
11491
40176
62492
28890
58017
4790
36900
11668
49618
291
44916
25061
15749
3835
54714
44573
22704
50750
47327
55889
53236
38492
11568
21159
24074
11309
60346
40092
20062
52734
27015
32311
23885
19379
33139
63805
9060
6203
10508
21234
38180
21030
25004
40193
39808
6017
52144
25565
22215
11575
53492
43828
9757
9971
1903
28375
15709
12549
56233
49112
6793
60862
36469
59093
65267
33302
18619
59275
10044
42301
19684
23441
38066
62449
54872
62467
4690
50540
56917
31025
48194
40047
191
54564
47693
3656
64894
28553
24729
37625
39361
51230
22119
20478
55962
3602
19609
12896
1445
16156
52749
59172
30583
50871
42552
47854
2185
23919
40786
40282
25160
5878
5417
25056
44391
50498
13421
33285
27306
35873
9250
45693
63059
15665
47256
23046
13930
46235
24659
42067
45996
25966
29912
30870
60924
54632
63130
61818
5698
19759
32139
11974
37576
10358
4746
1736
20154
15011
454
33320
62366
48485
3928
24413
53924
24748
56792
34482
40451
54207
40761
15352
44564
36615
10886
35557
40248
43748
27089
28149
40633
8880
25299
16569
21007
20757
18097
23789
37811
40369
25176
12525
12542
61549
9482
34124
37802
22167
61077
4512
48659
30124
58903
28005
63726
41290
46527
3184
45212
12831
60385
30151
27032
44031
44501
39792
49845
18198
57943
63720
61434
3200
34597
26550
21266
16037
21739
58732
7636
41734
30081
32601
43448
12964
63263
23948
13081
2386
60344
19480
25196
18489
8903
60781
55103
15837
1322
61193
14869
4943
62166
39284
4709
39979
16780
2297
15971
43714
36353
23767
55750
31920
59169
33400
10594
54079
43166
45056
45381
2000
55304
39330
34013
44028
368
21890
39433
57565
59240
22311
2989
46562
41304
64434
50302
20266
50065
36646
41306
58048
61979
14379
16929
29834
23135
48598
8884
38811
21674
452
16883
61917
13690
25381
17466
12883
48038
5320
14475
4991
44085
64422
44416
45053
62220
40054
45824
16562
61751
22676
33515
34518
43581
5137
31294
62050
61985
58296
39272
41889
2518
37135
6780
59099
47068
20336
41474
49091
39686
36660
55511
41284
30297
20026
46455
62094
35414
59025
40798
34056
49871
12393
51757
30073
56343
51914
28152
1657
30676
45552
51505
4149
64740
37406
27914
31565
42708
54651
10512
34537
13551
35318
54462
3792
38604
25890
12229
45568
59650
19993
31294
16097
14409
38020
16132
40012
16500
61114
64102
4121
42756
19216
55450
8566
47991
45301
10148
55471
18866
53448
23224
3058
33141
23685
38672
6910
57553
62156
52808
40692
45942
55479
59141
27065
23943
14441
33725
52770
55983
20973
40869
47412
43499
27791
42221
8695
40900
16433
23592
53843
42048
37590
21739
27923
21334
28326
16867
54524
28414
23170
28909
1020
29924
37612
43087
55597
57263
17706
34740
7667
20770
6822
15250
50941
18178
501
10000
25334
1349
38091
53588
28472
1173
61828
12632
28679
45285
33660
40400
51048
22868
25106
34572
18515
25722
29278
30071
60759
45950
54863
62198
16090
26267
58596
19858
16255
16279
38145
61801
57755
48748
3818
15553
26856
57830
53887
40335
54405
36356
20872
53816
47202
56401
124
51666
22427
43929
9507
47383
31780
19609
13251
2782
26889
5320
28915
17234
25658
24410
6875
18114
4397
19283
20387
42474
8013
35932
45994
11298
27581
26385
59327
26243
32432
28927
51606
53149
28305
44290
19976
47244
28596
58845
18620
36799
17355
51123
24304
20104
445
48372
40501
18984
19025
20845
7117
29229
33168
11744
45193
57035
29903
15576
24458
3173
27599
22023
30395
63586
52428
52487
44507
42101
39341
23222
55206
4990
21624
14890
30548
17334
37949
43924
18045
51149
24383
54333
27589
39370
27630
39922
33961
27013
48714
29063
23508
45857
51988
2500
3187
13067
52086
15046
47547
4661
15260
4458
60173
18745
29296
29495
127
493
49460
56710
15359
5869
54527
44801
10296
34282
64150
31351
2832
44728
3232
1697
54552
25540
62915
13654
7454
7132
55555
14926
7769
24185
50249
30324
902
52712
49175
25744
41285
58253
42485
14272
59671
38061
16803
53100
5104
6046
20866
12175
47774
62550
17829
48108
45665
26225
31783
34992
43162
62420
55793
28638
45128
30902
16917
35022
33435
59903
43214
43529
20594
47111
31563
54905
6228
14335
20351
45393
25244
22495
22864
10340
40831
20987
57604
36711
44895
12443
58287
1966
6388
61713
